<?xml version="1.0"?>
<opencv_storage>
<Q type_id="opencv-matrix">
  <rows>4</rows>
  <cols>4</cols>
  <dt>d</dt>
  <data>
    1. 0. 0. -2.9615028381347656e+02 0. 1. 0. -2.3373317337036133e+02 0.
    0. 0. 5.6446880931501073e+02 0. 0. -1.1340974198400260e-01
    4.1658568844268817e+00</data></Q>
</opencv_storage>
